63 64 67 64 65 67 64
35 36 38 41 38 40 42 42
59 62 63 64 66 64 67 71
55 57 55 56 61
84 86 89 91 93 94 94 91
32 34 36 36 37 39 41 41
13 15 18 19 19 21 22 26
61 64 64 67 68 74
56 57 58 61 65 66 68
53 56 57 61 62 64 62
78 80 84 85 85
38 39 41 45 47 51
2 5 8 9 12 16 18 24
50 51 53 55 60 61
31 32 37 39 40 42 40
46 48 53 54 54
40 43 45 51 55
31 32 35 37 44 45 51
15 12 15 18 20 23 25 27
78 76 79 80 78
46 45 48 49 52 54 54
17 16 17 20 24
80 78 80 82 83 90
48 47 44 46 48
62 60 59 62 61
26 23 24 26 24 26 28 28
4 3 1 4 5 7 9 13
48 45 43 45 47 52
93 90 92 95 95 98
80 79 81 81 83 84 83
6 4 4 6 8 8
8 5 6 9 12 12 16
42 41 41 44 45 47 54
66 63 64 68 70 73
45 43 44 46 50 49
5 4 7 11 12 14 14
72 71 75 78 80 84
79 77 79 82 83 87 88 93
75 74 76 77 84 85
26 25 28 30 36 39 38
26 25 26 32 32
49 47 50 53 60 61 65
18 16 17 18 23 29
43 43 46 47 49 50 51 50
87 87 89 90 93 93
52 52 55 58 62
78 78 81 82 83 85 91
48 48 46 49 51
89 89 92 93 91 92 95 94
13 13 15 14 16 19 19
68 68 65 66 68 72
39 39 37 38 39 46
23 23 25 25 26 29
90 90 93 94 94 95 98 96
26 26 27 30 30 31 32 32
61 61 64 66 66 70
34 34 34 36 41
35 35 37 39 40 44 45
70 70 74 77 79 82 84 82
16 16 19 23 26 28 29 29
41 41 42 46 50
33 33 34 38 40 46
28 28 29 36 39
79 79 85 87 88 90 89
66 66 69 72 77 77
49 49 51 52 59 63
38 38 40 42 49 56
41 45 48 50 52 49
60 64 67 68 69 72 75 75
78 82 83 85 89
33 37 40 42 48
78 82 85 87 89 87 88 89
2 6 5 6 7 9 7
1 5 3 5 6 8 8
81 85 83 84 86 90
65 69 67 68 69 72 74 81
15 19 21 24 26 26 28
4 8 11 14 14 16 15
9 13 14 14 17 17
15 19 20 20 22 26
9 13 15 16 16 22
16 20 23 27 30
18 22 25 29 31 29
1 5 6 8 10 13 17 17
9 13 17 20 22 26
28 32 33 37 40 46
30 34 36 38 40 47 50
44 48 54 57 59 60 61 58
9 13 16 22 22
62 66 68 71 77 81
36 40 42 49 54
5 10 11 13 10
5 11 12 15 17 19 19
34 39 40 43 47
50 57 59 60 61 63 70
38 43 44 43 46 48 51
79 85 88 85 87 86
72 78 79 76 78 80 81 81
42 48 47 48 52
55 62 63 66 68 65 70
47 54 55 55 58 59 60
79 85 87 87 89 88
7 14 17 20 23 24 24 24
68 73 75 75 76 77 79 83
9 16 19 19 24
66 72 73 77 79
12 18 22 23 24 23
26 32 33 36 38 42 44 44
30 37 39 43 46 50
66 73 74 75 79 86
47 53 58 60 62
46 53 59 62 59
56 61 63 66 68 75 76 76
23 29 32 34 39 40 44
33 40 41 43 48 49 56
88 87 88 86 85 83 84
44 42 41 44 43 43
23 20 17 18 15 14 10
22 19 18 19 12
38 36 36 35 32 31 34
41 40 40 39 38 37 35 35
63 61 59 58 56 56 53 49
30 27 26 26 21
47 45 41 38 37
27 26 24 20 19 19
17 14 10 7 3
66 64 60 57 52
82 81 78 73 70 68 65
93 90 87 84 82 75 77
83 81 80 73 73
41 38 32 29 25
50 49 48 41 36
83 86 83 81 78 75
39 41 39 37 36 37
39 41 39 37 37
61 62 59 58 57 54 50
61 62 59 57 51
72 73 72 71 74 73
90 92 93 91 88 87 88
31 33 30 31 28 25 25
74 75 73 72 71 70 73 69
78 81 78 79 78 71
66 69 69 66 63 61 60 57
7 9 6 5 5 7
51 53 52 52 51 51
90 92 89 86 86 84 80
88 91 91 90 89 83
52 55 54 50 48 46 45 44
87 90 88 86 82 81 78 81
46 49 48 45 41 38 38
41 42 38 37 33
90 93 91 90 88 84 81 76
52 54 52 46 43 42
43 46 43 36 38
12 14 11 10 8 7 2 2
29 30 23 22 21 17
68 71 65 64 61 59 56 51
46 46 45 44 47
65 65 62 60 59 57 54 54
90 90 87 86 84 81 80 76
22 22 20 19 18 17 10
56 56 55 53 55 54 51 49
46 46 47 44 45
94 94 95 92 90 90
51 51 54 51 47
64 64 62 64 62 60 55
99 99 97 96 96 93 90 89
70 70 70 68 66 64 66
91 91 89 87 84 84 83 83
92 92 92 91 89 85
11 11 8 8 6 1
81 81 80 76 73 70
56 56 54 50 48 45 43 45
72 72 69 68 64 61 59 59
80 80 77 73 69
61 61 59 55 49
24 24 21 20 15 14 12 9
38 38 35 32 26 28
53 53 52 51 49 42 42
60 60 54 52 51 50 46
42 42 39 36 34 27 20
34 30 28 27 25 22 25
94 90 88 87 84 84
84 80 77 76 75 74 70
65 61 59 58 57 55 49
75 71 70 71 70 71
97 93 91 88 85 87 86 86
29 25 23 26 22
92 88 86 89 86 83 80 75
85 81 79 78 78 77 75 73
80 76 75 75 72 69 72
59 55 52 52 49 49
60 56 56 54 50
75 71 71 70 67 60
81 77 76 72 70
36 32 31 27 29
86 82 79 77 73 71 71
56 52 49 45 41
94 90 86 85 80
95 91 88 87 84 78 76
63 59 56 55 54 47 49
63 59 56 54 48 48
70 66 59 57 55 53 49
24 20 18 15 8 7 6 1
31 25 23 21 19 16 15 17
89 82 80 77 77
58 53 51 48 44
63 56 55 52 50 47 45 38
58 52 50 52 50 47 45
86 79 80 79 82
70 63 61 60 63 63
54 48 47 45 46 42
58 53 52 54 52 45
54 47 44 41 39 39 36 33
56 51 50 50 49 47 49
79 73 73 70 69 69
80 73 72 71 71 69 67 63
70 63 62 60 59 58 58 52
21 15 12 9 6 2 1
42 35 33 29 31
36 30 26 23 23
30 23 22 21 18 16 12 8
29 24 20 17 14 9
47 42 36 34 33
99 93 90 89 82 81 78 81
29 22 17 16 16
59 53 52 50 48 46 40 36
97 92 85 82 81 79 78 71
52 57 60 61 62 64 70 73
42 44 47 50 53 57 60 64
34 27 27 25 25
92 90 90 92 99
73 75 76 78 82 85 87 85
23 19 21 18 16 14 8
21 26 27 28 30 27 33
26 23 24 27 31 32 31
30 31 33 32 29 28 26 26
42 44 45 46 46 48 49 55
45 49 52 53 55 60
47 47 46 42 42
61 61 60 62 61 58 56 50
15 15 15 18 21 19
28 26 22 19 12
23 29 30 33 30 32 35 39
20 20 17 16 13 9 7 2
76 72 71 70 67 65 59 55
35 40 42 44 47 49 49
87 83 86 83 82 82
37 32 30 27 24 20 20
21 21 23 21 28
41 39 40 42 45 48 51 51
84 85 84 82 80 76
45 45 39 38 38
47 43 43 41 38 31
33 33 32 29 22 21 15
31 37 40 40 47
70 67 64 63 61 62 57
39 34 33 30 29 26 26 19
63 63 64 66 66 68 69 71
38 45 48 51 50
53 59 63 66 65
59 59 56 56 55 56
71 67 66 64 60
48 50 57 60 60
73 73 75 76 76 77 77
62 62 63 70 71
45 41 38 34 33 31 29 26
85 85 88 89 92 89 92 90
49 47 48 51 53 53 53
17 16 13 15 16 18 18
56 57 58 62 65 72
13 13 18 20 20
76 72 67 66 64 58
4 11 12 13 15 19 19
32 28 27 24 21 14 11 11
11 11 10 10 6
42 42 44 45 47 53 56 60
77 80 77 75 74 72
41 45 49 52 55 56 59
30 35 36 37 38 38 41
69 72 73 76 78 80 80 84
78 74 71 69 68 64 66
21 16 12 10 6
94 90 86 83 83
81 85 88 89 90 88
43 45 43 39 37 33
99 95 94 91 94
57 57 54 52 50 47 45 39
24 25 23 22 15 14 14
88 84 83 80 79 76 74 74
98 94 92 90 89 85 80
37 37 38 41 44 44
95 96 96 93 92 85
6 6 7 9 15 17 16
68 71 78 80 81 85
30 34 37 40 41 45 45
9 13 15 15 16 19 22 26
55 49 46 45 42 40 41
76 72 68 67 63
26 33 36 37 34 35
51 44 41 39 41 39 35
12 9 11 14 15 16 18 15
42 42 45 45 46 48 49 56
4 8 9 10 8 8
53 53 50 49 44 42 44
8 12 16 18 20 24
67 68 70 69 69
56 49 44 43 42 40 43
39 41 42 43 49 50
39 37 40 43 44 49 53
59 63 66 72 72
44 44 47 48 49 52 56 56
62 59 57 57 58
83 83 81 78 77 73
54 58 60 62 69 74
37 35 35 32 26
39 43 46 52 55
73 80 83 84 86 90
67 69 67 67 64 63 61
53 54 51 48 45 44 45
34 34 35 36 38 40 37 37
73 75 72 71 68 65 62 62
39 46 52 53 55 52
32 32 31 29 26 28 28
6 9 12 10 7
26 26 28 32 35 38 40 44
67 70 67 65 58
32 33 32 31 30 23 20
17 16 16 13 9
81 80 79 77 75 69 66
22 21 21 22 24 26 29 33
91 91 93 91 92
28 28 29 31 32 33 32
39 39 40 37 34
9 9 9 8 5 3 1 1
21 19 18 14 13 12 15
58 54 51 50 48 48 45 41
14 12 6 4 3 5
19 22 22 19 16 17
87 80 74 72 68
94 94 90 88 84
16 10 13 10 8 8
60 53 50 53 55
25 28 30 31 33 35 42 39
33 28 25 23 20 19 15