781114: 614 6 2 2 2 53
43955: 1 49 866 567 88
7449867267: 120 8 46 73 882 74
6153340711: 5 6 395 3 3 676 2 5 6 2
4553: 877 5 75 92 1
59251: 5 1 5 3 747 4 6 2 3 53 1 7
3217689: 3 58 2 710 2 563 3
85845400: 84 51 4 4 742 59 21 46
31837: 1 16 2 916 631 62
1232928: 9 7 841 27 5 3 462 774
999791: 91 8 6 921 7 9 55 3 1 5
102981807: 374 655 7 1 1 348 459
1293980248: 3 773 9 4 102 68 5 6 8
2772: 5 95 41 375 32 3 3
806555: 4 94 36 82 3
53841926: 754 4 6 802 5 64 44 4 2
1173000128: 733 1 8 1 7 1 2 9 1 583 8
623418: 173 2 1 5 5 97 98 3 6 78
139603747: 640 7 28 553 56 3
32592: 865 24 6 652 5 21
11149918: 348 232 89 6 36
146249919: 1 624 999 1 9
21897489: 49 98 8 570 265 91 13
108929: 82 4 7 439 286 7 9
90136480: 407 69 8 677 4 78
10702305887: 37 2 62 8 83 3 2 216 95
2141712715: 401 45 19 48 715
212: 9 92 38 23 48
1721: 4 9 57 18 47
965: 6 3 65